[gd_scene load_steps=8 format=2]

[ext_resource path="res://Skeletons/BaseSkeleton.tscn" type="PackedScene" id=1]
[ext_resource path="res://Models/obj/skeleton_staff.obj" type="ArrayMesh" id=2]
[ext_resource path="res://Models/characters/Skeletons/Mage/character_skeleton_mage_armLeft.obj" type="ArrayMesh" id=3]
[ext_resource path="res://Models/characters/Skeletons/Mage/character_skeleton_mage_armRight.obj" type="ArrayMesh" id=4]
[ext_resource path="res://Models/characters/Skeletons/Mage/character_skeleton_mage_cloak.obj" type="ArrayMesh" id=5]
[ext_resource path="res://Models/characters/Skeletons/Mage/character_skeleton_mage_body.obj" type="ArrayMesh" id=6]
[ext_resource path="res://Models/characters/Skeletons/Mage/character_skeleton_mage_cowl.obj" type="ArrayMesh" id=7]

[node name="Skeleton" instance=ExtResource( 1 )]

[node name="Body" parent="." index="1"]
transform = Transform( 0.97862, -0.205675, 0, 0.205675, 0.97862, 0, 0, 0, 1, 0, 0, 0 )
mesh = ExtResource( 6 )

[node name="LeftArm" parent="Body" index="0"]
transform = Transform( 0.990328, 0.0460182, -0.130889, 0.0460182, 0.781041, 0.622782, 0.130889, -0.622782, 0.771369, 0.214, 0.5, 0 )
mesh = ExtResource( 3 )
material/2 = null

[node name="RightArm" parent="Body" index="1"]
transform = Transform( 0.998967, -0.00496993, 0.0451621, -0.00496996, 0.976081, 0.217348, -0.0451621, -0.217348, 0.975049, -0.205, 0.5, 0 )
mesh = ExtResource( 4 )
material/2 = null

[node name="Weapon" parent="Body/RightArm" index="0"]
transform = Transform( 0.207398, -0.71301, 0.669779, 0.978253, 0.149075, -0.14422, 0.00298254, 0.685124, 0.72842, -0.173477, -0.316552, -2.23517e-08 )
mesh = ExtResource( 2 )
material/3 = null

[node name="Jaw" parent="Body/Head" index="0"]
transform = Transform( 1, 0, 0, 0, 0.944583, -0.328273, 0, 0.328273, 0.944583, 0, 0.176521, 0.0653001 )

[node name="Cowl" type="MeshInstance" parent="Body/Head" index="1"]
transform = Transform( 1, 0, 0, 0, 1, 0, 0, 0, 1, 0, 0, 0 )
mesh = ExtResource( 7 )
material/0 = null

[node name="RightEye" type="OmniLight" parent="Body/Head" index="2"]
transform = Transform( 1, -1.93715e-07, 0, 1.93715e-07, 1, 0, 0, 0, 1, 0.170619, 0.386349, 0.196393 )
light_color = Color( 0, 0.976471, 1, 1 )
light_energy = 0.5

[node name="LeftEye" type="OmniLight" parent="Body/Head" index="3"]
transform = Transform( 1, -2.5332e-07, 0, 2.5332e-07, 1, 0, 0, 0, 1, -0.240235, 0.431635, 0.235121 )
light_color = Color( 0.337255, 1, 0, 1 )
light_energy = 0.5

[node name="Cloak" type="MeshInstance" parent="Body" index="3"]
transform = Transform( 0.927217, 0.374525, 0, -0.374525, 0.927217, 0, 0, 0, 1, -0.0145899, 0.730991, 0 )
mesh = ExtResource( 5 )
material/0 = null
