[gd_scene load_steps=9 format=2]

[ext_resource path="res://Skeletons/BaseSkeleton.tscn" type="PackedScene" id=1]
[ext_resource path="res://Models/characters/Skeletons/Archer/character_skeleton_archer_body.obj" type="ArrayMesh" id=2]
[ext_resource path="res://Models/characters/Skeletons/Archer/character_skeleton_archer_armLeft.obj" type="ArrayMesh" id=3]
[ext_resource path="res://Models/characters/Skeletons/Archer/character_skeleton_archer_hood_broken.obj" type="ArrayMesh" id=4]
[ext_resource path="res://Models/characters/Skeletons/Archer/character_skeleton_archer_armRight.obj" type="ArrayMesh" id=5]
[ext_resource path="res://Models/characters/Skeletons/Archer/character_skeleton_archer_mask.obj" type="ArrayMesh" id=6]
[ext_resource path="res://Models/obj/skeleton_bow.obj" type="ArrayMesh" id=7]
[ext_resource path="res://Skeletons/Archer/Archer.gd" type="Script" id=8]

[node name="Archer" instance=ExtResource( 1 )]
script = ExtResource( 8 )
health = 10
damage_dealt = 7
attack_delay = 3.0
ranged = true

[node name="Body" parent="." index="1"]
transform = Transform( 0.97862, -0.205675, 0, 0.205675, 0.97862, 0, 0, 0, 1, 0, 0, 0 )
mesh = ExtResource( 2 )
material/4 = null
material/5 = null
material/6 = null

[node name="LeftArm" parent="Body" index="0"]
transform = Transform( 0.990328, 0.0460183, -0.130889, 0.0460182, 0.781041, 0.622782, 0.130889, -0.622783, 0.771369, 0.214, 0.5, 0 )
mesh = ExtResource( 3 )
material/2 = null
material/3 = null

[node name="RightArm" parent="Body" index="1"]
transform = Transform( 0.998967, -0.00496993, 0.0451621, -0.00496996, 0.976081, 0.217348, -0.0451621, -0.217348, 0.975049, -0.205, 0.5, 0 )
mesh = ExtResource( 5 )

[node name="Weapon" parent="Body/RightArm" index="0"]
transform = Transform( 0.207398, -0.713009, 0.669779, 0.978253, 0.149075, -0.14422, 0.00298254, 0.685124, 0.72842, -0.173477, -0.316552, 1.19209e-07 )
mesh = ExtResource( 7 )

[node name="ArrowSpawn" type="Position3D" parent="Body/RightArm/Weapon" index="0"]
transform = Transform( 0.994138, -0.00757647, 0.107855, -0.00250504, 0.99566, 0.0930324, -0.108092, -0.0927571, 0.989804, -1.00412, 1.26953, 0.0341367 )

[node name="Jaw" parent="Body/Head" index="0"]
transform = Transform( 1, 0, 0, 0, 0.944583, -0.328273, 0, 0.328273, 0.944583, 0, 0.176521, 0.0653001 )

[node name="Mask" type="MeshInstance" parent="Body/Head" index="1"]
mesh = ExtResource( 6 )
material/0 = null

[node name="Hood" type="MeshInstance" parent="Body/Head" index="2"]
mesh = ExtResource( 4 )
material/0 = null
material/1 = null
material/2 = null
