[gd_scene load_steps=2 format=2]

[ext_resource path="res://Skeletons/BaseSkeleton.tscn" type="PackedScene" id=1]

[node name="Skeleton" instance=ExtResource( 1 )]

[node name="LeftArm" parent="Body" index="0"]
transform = Transform( 0.990328, 0.0460182, -0.130889, 0.0460182, 0.781041, 0.622782, 0.130889, -0.622782, 0.771369, 0.214, 0.5, 0 )

[node name="RightArm" parent="Body" index="1"]
transform = Transform( 0.998967, -0.00496997, 0.0451621, -0.00496995, 0.976081, 0.217349, -0.0451621, -0.217349, 0.975049, -0.205, 0.5, 0 )

[node name="Weapon" parent="Body/RightArm" index="0"]
transform = Transform( 0.207397, -0.713009, 0.669779, 0.978252, 0.149075, -0.14422, 0.00298283, 0.685123, 0.728421, -0.173477, -0.316552, 0 )

[node name="AnimationTree" parent="." index="3"]
parameters/Add2/add_amount = 0
parameters/Seek/seek_position = 1.0
